F00022+1231 Pks 0002+12   00 02 16.26 +12 31 58.0 G        18.7        < 0.06  0.86 > 1.16 M
F00073+2538 NGC 0023      00 07 19.3  +25 38 50.  SBa      12.5   96.7   2.67  0.74   2.23 S
F00124-3929 NGC 0055      00 12 24.3  -39 28 28.  Irr       8.2    3.2   3.05  1.04   2.87 S
F00129+1422               00 12 57.60 +14 22 56.2 E        17.0        < 0.93  0.77 > 1.00 M
F00349+0916 UGC 00373     00 34 58.5  +09 16 50.  S?...    16.0          1.43       > 1.02 M
F00400+4059 M 31          00 40 00.3  +41 00 03.  Sb        4.3    0.7   2.77  1.04   1.83 S
F00450-2533 NGC 0253      00 45 07.6  -25 33 39.  Sc        8.1    4.2   2.70  0.53   2.12 S
F00460+3141 NGC 0262      00 46 05.1  +31 41 06.  S0       15.0   89.0   0.81  0.30   0.50 M
F00492+4716 NGC 0278      00 49 14.8  +47 16 43.  S...     10.5   18.6   2.84  0.86   2.79 S
F00506+7248 MCG+12-02-001 00 50 41.05 +72 48 50.5 Dbl Sys  16.0  100.2   2.75  0.75   2.05 S
F00548+4331 NGC 0317b     00 54 51.28 +43 31 18.8 SB...    13.8  107.8   2.59  0.60   2.44 S
F00550+3004 NGC 0315      00 55 05.8  +30 04 58.  E        12.5  103.7 <-0.59  1.04 > 0.67 M
F00567+2647 IC 0064       00 56 42.1  +26 47 17.  ...      15.6          1.08  0.40 > 1.82 M
F01009-3241 Pks 0100-326  01 00 54.51 -32 41 57.5 G        19.0        < 0.74  1.30 > 0.98 M
F01046+3208 NGC 0383      01 04 39.4  +32 08 46.  S0       13.6  106.7  -0.44  0.69 > 1.91 M
F01053-1746 IC 1623       01 05 18.90 -17 46 22.1 Dbl Sys  13.4  121.0   2.55  0.79   2.13 S
F01133+3249 NGC 0449      01 13 19.62 +32 49 33.1 S?       15.0   99.5   2.02  0.66   1.23 M
F01171+0308 NGC 0470      01 17 10.5  +03 08 53.  Sb/Sc    12.4   46.2   2.61  0.38   1.87 S
F01219+0331 NGC 0520      01 21 59.4  +03 32 13.  Ir II    12.4   45.8   2.75  0.67   2.67 S
F01310+3024 M 33          01 31 04.6  +30 23 40.  Sc        6.5    0.9   2.78  0.79   2.68 S
F01317-3644 NGC 0612      01 31 43.60 -36 44 56.6 S0-a     13.9  181.4  -0.10  0.79   2.71 M
F01319-2940 NGC 0613      01 31 59.0  -29 40 30.  Sc       10.7   32.1   2.67  0.89   2.51 S
F01339+1532 NGC 0628      01 34 00.7  +15 31 55.  Sc       10.5   17.2   2.83  0.95   2.74 S
F01348+3254 3C 48         01 34 49.8  +32 54 20.  Q        16.1 1736.5 <-0.74  0.81 > 1.74 M
F01403+1323 NGC 0660      01 40 20.7  +13 23 32.  SB[a]    12.8   19.6   2.70  0.62   2.58 S
F01417+1651 III Zw 035    01 41 47.93 +16 51 07.4 G+G      15.8  163.0   2.73  0.28   2.83 S
F01475-0740               01 47 32.95 -07 40 41.0 E-S0     15.5  105.8   0.74         0.10 M
F01477-1655               01 47 41.66 -16 55 23.8 G        18.0        < 0.29  0.61  -0.05 M
F01479+0553 NGC 0693      01 47 53.9  +05 53 51.  S...     13.5   36.3   2.69  0.69   3.01 S
F01484+2220 NGC 0695      01 48 27.4  +22 20 10.  ... Pec  13.8  196.8   2.67  0.86   2.56 S
F01565+1845 NGC 0772      01 56 35.3  +18 45 50.  Sb       11.3   52.9   2.71  0.82   2.29 S
F02070+3857 NGC 0828      02 07 07.0  +38 57 23.  Pec      13.0  109.7   2.67  0.91   2.69 S
F02079+3725 NGC 0834      02 08 00.6  +37 25 56.  S...     13.2   93.4   2.69  0.94   2.46 S
F02114+0456 UGC 01720     02 11 29.0  +04 56 26.  Pec      14.4  182.1   2.54  0.68   2.42 S
F02152+1418 NGC 0876/7    02 15 15.3  +14 19 01.  Sc       12.5   76.2   2.69  0.69   2.43 S
F02194+4207 NGC 0891      02 19 25.2  +42 07 18.  Sb       10.8   15.6   2.55  0.62   2.35 S
F02208+4744 UGC 01845     02 20 51.2  +47 44 40.  Sa-b     15.7   96.4   2.64  0.59   2.64 S
F02312+2905 NGC 0972      02 31 16.6  +29 05 35.  Sa-b     12.1   35.2   2.62  0.66   2.74 S
F02345+2053 NGC 0992      02 34 35.7  +20 52 56.  S?...    13.5   81.9   2.69  0.72   2.17 S
F02358+1623 AO 0235+164   02 35 52.6  +16 24 05.  BL Lac   15.5 3450.4 <-0.53 -0.27 > 0.89 M
F02367+0052 NGC 1032      02 36 49.1  +00 52 43.  Sa       13.2   53.3 < 1.15 -0.80 > 0.03 M
F02386-0828 NGC 1052      02 38 37.33 -08 28 08.6 E        11.4   30.8  -0.28 -0.90   0.70 M
F02391+0013 NGC 1055      02 39 10.7  +00 13 45.  Sb       12.5   22.0   2.74  0.90   2.38 S
F02401-0013 NGC 1068      02 40 06.5  -00 13 32.  Sb        9.6   24.7   2.13  0.88   0.88 M+S
F02435-0747 NGC 1084      02 43 31.8  -07 47 08.  Sc       11.3   29.6   2.62  0.85   2.53 S
F02435+1253 UGC 02238     02 43 33.3  +12 53 10.  Irr?     15.2  133.3   2.69  0.83   2.93 S
F02441-3029 NGC 1097      02 44 11.5  -30 29 06.  SBb      10.2   25.7   2.79  0.98   2.06 S
F02474+4127 NGC 1106      02 47 26.9  +41 27 58.  S0       13.7   86.3   1.53  0.76   1.23 M
F02483+4302 GC 0248+430   02 48 18.5  +43 02 57.  (Q+2G)                 0.61 -0.42   3.49
F02509+1248 NGC 1134      02 50 56.9  +12 48 43.  S...     13.2   70.6   2.60  0.67   2.35 S
F02568+3637 UGC 02456     02 56 50.3  +36 37 21.  SB0      13.8   74.7   2.52  0.70   1.80 S
F03079-3031 Pks 0307-305  03 07 56.56 -30 30 58.6 E        16.5  388.3 <-0.15  0.54   0.29 M
F03117+4151 UGC 02608     03 11 43.2  +41 51 00.  SBb      14.0  109.6   2.43  0.79   2.00 S
F03164+4119 NGC 1275      03 16 29.9  +41 19 55.  Pec      13.0  109.6  -0.70 -0.61   0.80 M
F03169+1850 OE +129       03 17 00.08 +18 50 41.9 Q?       19.0        <-0.07 -0.46 > 0.41 M
F03207-3723 NGC 1316      03 20 47.0  -37 23 12.  S0        9.4   37.6  -1.14  0.60   2.83 M
F03265-2852 Pks 0326-288  03 26 31.69 -28 52 13.2 E        17.5  599.8   0.04  0.84   0.74 M
F03316-3618 NGC 1365      03 31 41.4  -36 18 23.  Sc       10.2   30.2   2.81  0.78   2.13 S
F03324+7224 NGC 1343      03 32 25.3  +72 24 28.  ...      14.1   43.8   2.55         2.52 S
F03384-2129 Pks 0338-214  03 38 23.19 -21 29 07.7 BL Lac   17.5  278.0 <-0.23 -0.14 > 0.59 M
F03419+6756 IC 0342       03 41 58.6  +67 56 26.  Sc       10.5    4.7   2.86  1.09   1.98 S
F03432+6958 UGC 02855     03 43 15.7  +69 58 46.  Sc/SBc   14.6   28.9   2.59  0.45   2.75 S
F03451+6956 UGC 02866     03 45 08.4  +69 56 33.  ...      15.5   28.9   2.73  0.49   2.06 S
F03524-2038 NGC 1482      03 52 27.0  -20 38 54.  Sa:      13.1   29.7   2.65  0.64   2.30 S
F04097+0525 UGC 02982     04 09 43.0  +05 25 10.  S...     15.5  110.9   2.61  0.77   2.64 S
F04207-0127 Pks 0420-01   04 20 43.5  -01 27 29.  Q        17.8 3328.4 <-0.58 -0.40   1.07 M
F04260+6444 NGC 1569      04 26 05.8  +64 44 18.  Irr      11.8    2.9   2.44  0.60   2.12 S
F04296+2923               04 29 39.91 +29 23 39.5 G        16.0   42.6   2.86  0.61   2.12 S
F04305+0514 UGC 03087     04 30 31.3  +05 15 03.  [S0]     14.2  200.6  -0.23  0.09   0.80 M
F04326+1904 UGC 03094     04 32 38.3  +19 04 14.  S...     16.5  148.0   2.52  1.13   2.35 S
F04500-0311 NGC 1684      04 50 00.8  -03 11 20.  E        13.0   87.8   1.32       > 2.20 M
F05059-3734 NGC 1808      05 05 58.7  -37 34 37.  Sa?      10.7   16.4   2.90  1.03   1.93 S
F05179+0845 UGC 03293     05 17 56.5  +08 45 30.  Sc       16.0   97.0   2.71  0.60   2.43 S
F05212-3630 ESO 362-G021  05 21 13.0  -36 30 18.  N        15.3  317.0 <-1.25  0.43   0.76 M
F05246+0103               05 24 40.98 +01 03 32.8 G        17.0  542.3   1.22         1.73 M
F05365+6921 NGC 1961      05 36 33.9  +69 21 16.  Sb       12.2   82.9   2.33  0.94   2.79 S
F05414+5840 UGC 03351     05 41 24.2  +58 40 50.  Sa-b     16.0   94.4   2.65  0.92   3.29 S
F05497-0728 NGC 2110      05 49 46.38 -07 28 01.9 S0       14.0   43.9   1.53  0.43   1.82 M
F05511+4625 UGC 03374     05 51 09.9  +46 25 55.  SB...    13.9  125.6   1.67  0.80   0.50 M
F05576+6522 UGC 03386     05 57 38.4  +65 22 18.  Sa:      14.4          1.57  0.46   1.86 M
F06098+7103 UGC 03426     06 09 48.8  +71 03 10.  S0:      13.8   85.2   1.10  0.89   0.30 M
F06142-2121 NGC 2207      06 14 14.4  -21 21 14.  Sc       11.4   51.8   2.43  1.01   2.56 S
F06343-2032 Pks 0634-20   06 34 23.2  -20 32 19.  E        16.8  322.5 <-0.66  0.74   0.89 M
F06456+6054 NGC 2273      06 45 37.58 +60 54 12.2 SBa      12.5   36.1   2.54  0.77   1.70 S
F06457+7429 IC 0450       06 45 45.2  +74 29 04.  S0-a     14.8  112.9   1.14  0.66   0.62 M
F06538+4628 UGC 03608     06 53 52.6  +46 28 14.  S... Pec 13.7  126.8   2.70  0.89   2.16 S
F07054+1851 NGC 2339      07 05 25.1  +18 51 42.  Sb/SBc   12.3   45.6   2.85  0.83   2.39 S
F07144+4410               07 14 25.57 +44 10 54.2 G        15.5  352.3 < 1.29        -0.04 M
F07157+4039               07 15 40.88 +40 39 13.6 G        18.0          1.52         1.80 M
F07162+7126 S5 0716+71    07 16 13.0  +71 26 15.  BL Lac   15.5        <-0.23  0.02   0.72 M
F07224+3003 A0722+30      07 22 27.5  +30 03 14.  G        15.6  112.2   1.78  0.64   2.10 M
F07256+3355 NGC 2388      07 25 38.17 +33 55 17.4  ...     14.7   80.5   2.91  0.84   2.33 S
F07320+6543 NGC 2403      07 32 05.5  +65 42 40.  Sc        9.3    3.6   2.84  0.74   2.40 S
F07325+2517               07 32 37.14 +25 17 01.1 E        17.0          0.81         0.36 M
F07336+3521 NGC 2415      07 33 39.49 +35 21 17.1 ...      12.5   74.7   2.71  0.81   2.56 S
F07352+1749 Pks 0735+17   07 35 14.1  +17 49 09.  BL Lac   16.2 1944.0 <-0.74 -0.12   0.32 M
F07543+1004 Pks 0754+100  07 54 22.6  +10 04 40.  BL Lac   15.0 2714.1  -0.38  0.25  -0.15 M
F07552+1449                                       G        15.1          1.36       > 0.84 M
F08014+0515 UGC 04203     08 01 26.5  +05 15 22.  ...      14.2   81.0   1.57  0.58  -0.11 M
F08064-1018 3C 195        08 06 30.3  -10 18 51.  N        18.0  610.1  -0.34  0.71   0.53 M
F08079+2822                                       EF                     0.95         0.59 M
F08147+3137               08 14 47.46 +31 37 49.3 G        18.0        < 1.27       > 0.99 M
F08291+0439 Pks 0829+046  08 29 10.9  +04 39 51.  BL Lac   16.4  953.1 <-0.53 -0.67   0.59 M
F08352+2504 NGC 2622      08 35 13.01 +25 04 16.0 S?       15.0  169.7   1.49  0.88 > 0.28 M
F08354+2555 NGC 2623      08 35 25.2  +25 55 43.  Trp Sys  14.4  107.0   2.73  0.44   3.01 S
F08369+2959 Zw 0837+30    08 36 59.1  +29 59 45.  G        15.7  370.3 < 0.37  0.78 > 0.72 M
F08400+5023 NGC 2639      08 40 03.0  +50 23 14.  Sa?      12.4   65.4   1.86  0.51   2.57 M
F08425+7416 NGC 2633      08 42 35.7  +74 17 00.  SBb      12.4   51.3   2.77  0.42   2.23 S
F08495+3336 NGC 2683      08 49 34.8  +33 36 23.  Sb        9.7    8.0   2.84  0.76   3.17 S
F08519+2017 OJ 287        08 51 57.3  +20 17 58.  BL Lac   15.4 1499.5  -0.36 -0.13   0.82 M
F08544+2100               08 54 28.84 +21 00 29.2 G        17.0  190.2   1.55       > 1.12 M
F08563+6058               08 56 16.58 +60 58 47.  G        17.5          1.15  0.87 > 2.36 M
F09018+1447 IC 2431       09 01 48.88 +14 47 34.2 Quad Sys 14.1  299.4   2.27  0.97   2.41 S
F09067+1940 Mrk 1226      09 06 47.5  +19 40 22.  G        15.7  159.5   0.66       > 0.67 M
F09109+4019 NGC 2782      09 10 54.0  +40 19 18.  S... Pec 12.3   51.5   2.43  0.69   2.06 S
F09120+4107 NGC 2785      09 12 02.8  +41 07 34.  Irr      14.9   61.4   2.70  0.72   2.50 S
F09136+0043                                       EF                   < 1.14       > 1.11 M
F09141+4212 NGC 2798      09 14 09.5  +42 12 37.  SBa      12.9   35.5   2.90  0.56   2.20 S
F09165-0726               09 16 34.01 -07 26 23.1 G        19.5        < 0.46       > 1.47 M
F09173+7203 NGC 2810      09 17 18.8  +72 03 28.  E        13.4   69.0   1.67       > 1.67 M
F09177+6428 NGC 2820      09 17 43.7  +64 28 16.  Sc       13.1   28.9   2.46  0.80   2.53 S
F09186+5111 NGC 2841      09 18 34.9  +51 11 19.  Sb        9.9   14.3   2.60  0.87   1.91 S
F09288+7229               09 28 45.62 +72 29 33.0 G        19.5        < 1.60       > 2.23 M
F09293+2143 NGC 2903      09 29 19.9  +21 43 19.  Sb/Sc     9.8    9.4   2.82  0.89   2.20 S
F09311+1022 NGC 2911      09 31 05.5  +10 22 30.  ...      13.1   59.9 < 1.00       >-0.11 M
F09320+6134 UGC 05101     09 32 03.5  +61 34 40.  ...      15.5  242.5   2.37  0.54   2.84 S
F09323+0732 OK 052        09 32 22.11 +07 32 44.0 G?       19.0        < 0.08  0.00 > 0.65 M
F09359+3554               09 35 53.74 +35 55 17.5 G        16.0        < 1.10       > 0.64 M
F09399+3204 NGC 2964      09 39 56.4  +32 04 35.  Sb/Sc    12.0   25.8   2.76  0.72   2.20 S
F09431+6809 NGC 2976      09 43 10.0  +68 08 43.  Sc       10.9    3.6   2.89  0.48   2.30 S
F09436+0556 NGC 2990      09 43 40.0  +05 56 23.  S?...    12.0   67.2   2.45  0.35   2.55 S
F09437+0317 IC 0563/4                             G+G      14.1  124.4   2.55  0.74   2.66 S
F09446+1359               09 44 35.62 +13 59 17.0 S        16.5          1.36         1.01 M
F09510+0149 NGC 3044      09 51 04.8  +01 48 57.  Sc       11.9   31.3   2.58  0.63   2.51 S
F09514+6918 M81           09 51 27.6  +69 18 13.  Sb        8.1    3.6   2.74  0.65   2.41 S
F09517+6954 M82           09 51 45.3  +69 55 11.  Irr       9.2    3.6   2.56  0.49   1.71 S
F09585+5555 NGC 3079      09 58 35.4  +55 55 11.  ...      11.2   24.5   2.38  0.81   3.02 S
F09589+2901 3C 234        09 58 57.42 +29 01 38.0 N        18.2  976.4 <-0.71  0.96  -0.12 M
F10116+0342 NGC 3169      10 11 38.7  +03 43 03.  Sa       11.4   21.3   2.49  0.60   2.48 S
F10126+7338 NGC 3147      10 12 39.3  +73 39 02.  Sb/Sc    11.3   58.0   2.57  0.64   2.34 S
F10170+6451               10 17 06.86 +64 51 11.7 G        19.0          1.15  1.09 > 3.00 M
F10196+2149 NGC 3221      10 19 35.5  +21 49 19.  SBc-Irr  14.3   78.8   2.49  0.68   2.40 S
F10207+2007 NGC 3227      10 20 47.6  +20 07 00.  Sb       12.2   22.0   2.46  0.85   1.72 S
F10356+5345 NGC 3310      10 35 40.3  +53 45 45.  S[b]     11.0   21.5   2.48  0.78   2.13 S
F10407+2511 NGC 3344      10 40 46.6  +25 11 10.  Sc       11.8   12.5   2.83  1.00   2.23 S
F10413+1157 NGC 3351      10 41 19.6  +11 58 00.  SBb      10.7   12.8   3.04  0.46   2.22 S
F10418+1153               10 41 50.93 +11 53 57.4 G        19.0        < 0.59  0.61 > 0.55 M
F10439+1400 NGC 3367      10 43 55.4  +14 00 58.  SBc      11.5   58.1   2.42  0.86   1.63 S
F10470+3315 NGC 3395/6                            S[c]+Irr 12.1   32.0   2.72  0.93   2.31 S
F10489+3310 NGC 3424      10 48 59.8  +33 09 58.  S...     13.2   25.6   2.72  0.59   2.57 S
F10497+3653 NGC 3432      10 49 43.7  +36 53 21.  ...      11.7   12.1   2.57  0.76   3.53 S
F10498+2311 NGC 3437      10 49 52.8  +23 12 01.  Sc       12.6   24.0   2.67  0.59   2.65 S
F11004+2814 NGC 3504      11 00 28.1  +28 14 35.  Sa/SBb   11.5   29.6   2.43  0.69   1.92 S
F11032+0014 NGC 3521      11 03 15.1  +00 13 58.  Sb        9.6   12.5   2.56  0.41   2.64 S
F11085+2858 NGC 3561                              Dbl Sys  14.7  166.9   1.92 -0.04   2.32 M
F11085+5556 NGC 3556      11 08 36.8  +55 56 33.  Sc       10.7   15.8   2.78  1.03   2.36 S
F11113+4835 NGC 3583      11 11 22.3  +48 35 33.  SBb      11.6   43.7   2.63  0.67   2.60 S
F11120+1305 NGC 3593      11 11 59.2  +13 05 28.  S0       11.3    9.9   2.79  0.54   2.60 S
F11158-3232 NGC 3621      11 15 50.4  -32 32 25.  Sc       10.0    8.7   2.84  0.77   2.01 S
F11176+1315 NGC 3627      11 17 37.9  +13 16 08.  Sb        9.6   11.9   2.84  1.00   2.27 S
F11176+1351 NGC 3628      11 17 39.6  +13 51 48.  Sb       11.0   14.4   2.52  0.63   2.53 S
F11182+5326 NGC 3631      11 18 13.2  +53 26 43.  Sc       11.0   24.8   2.75  0.81   2.17 S
F11220+3902 NGC 3665      11 22 00.9  +39 02 16.  E-S0     11.6   40.1   1.89  0.57   2.82 M
F11234+4351 NGC 3675      11 23 24.2  +43 51 36.  Sb       10.4   15.8   2.89  0.64   2.14 S
F11246+5709 NGC 3683      11 24 43.1  +57 09 14.  ...      12.7   35.7   2.70  0.67   2.56 S
F11257+5850 NGC 3690      11 25 44.2  +58 50 23.  Dbl Sys  11.8   61.9   2.69  0.66   1.85 S
F11270+0031 4C +00.40     11 27 02.09 +00 31 49.0 G        19.5          0.06  0.79 > 0.00 M
F11330+7048 NGC 3735      11 33 04.8  +70 48 42.  Sc       12.4   56.8   2.67  0.79   2.10 S
F11383+1144 NGC 3810      11 38 23.5  +11 44 55.  Sc       10.9   17.2   2.72  0.78   2.50 S
F11412+2014 UGC 06697     11 41 13.0  +20 14 51.  Irr      14.3  130.5   1.93  0.68 > 2.67 M
F11445-3755 Pks 1144-379  11 44 30.9  -37 55 31.  BL Lac   16.0 3614.7 <-0.54 -0.57   0.75 M
F11459+4859 NGC 3893      11 46 01.1  +48 59 20.  Sc       10.6   20.5   2.72  0.84   2.45 S
F11494+7053               11 49 32.98 +70 52 57.7 G        18.5        < 1.16         1.61 M
F11510+4808 NGC 3949      11 51 05.2  +48 08 16.  S...     10.9   17.1   2.71  0.94   2.41 S
F11550+3233 NGC 3994      11 55 01.5  +32 33 26.  S?...    13.7   57.0   2.73  0.79   2.64 S
F11553+5543 NGC 3998      11 55 21.4  +55 43 57.  S0       11.2   24.3   1.00  0.27   1.16 M
F11593-1836 NGC 4038/9                            2S...           27.8   2.55  0.90   2.29 S
F11596+6224 NGC 4041      11 59 38.7  +62 25 03.  Sc       11.6   27.2   2.75  0.74   2.49 S
F12006+4448 NGC 4051      12 00 35.9  +44 48 48.  Sb/SBc   11.5   14.9   2.74  0.77   1.78 S
F12030+5049 NGC 4088      12 03 03.1  +50 49 13.  Sc       11.2   16.4   2.81  0.98   2.34 S
F12038+5259 NGC 4102      12 03 51.6  +52 59 23.  Sb       11.8   19.0   2.85  0.84   2.24 S
F12085+5045 NGC 4157      12 08 34.6  +50 45 51.  Sb       11.9   17.0   2.73  0.93   2.39 S
F12112+1510 NGC 4192      12 11 15.4  +15 10 23.  Sb       11.0   21.9   2.63  0.68   3.42 S
F12116+5448 NGC 4194      12 11 41.7  +54 48 21.  ...  Pec 13.0   46.9   2.90  0.81   1.97 S
F12131+3636 NGC 4214      12 13 08.8  +36 36 19.  Irr      10.3    5.8   2.75  0.12   2.31 S
F12133+4722 NGC 4217      12 13 21.7  +47 22 12.  Sb       12.4   21.7   2.69  0.85   3.33 S
F12163+1441 NGC 4254      12 16 16.9  +14 41 46.  Sc        9.7   21.9   2.64  0.94   2.34 S
F12173-3541 ESO380-IG15   12 17 21.0  -35 40 58.  S...+... 16.5  331.9   1.42  0.65   2.96 M
F12173+0537 NGC 4273      12 17 22.3  +05 37 27.  Sc       11.8   44.6   2.81  0.97   2.09 S
F12176+2933 NGC 4278      12 17 36.5  +29 33 26.  E        11.2   11.9   0.49  0.38   2.15 M
F12193+0445 NGC 4303      12 19 21.4  +04 44 58.  Sb/SBc   10.4   21.9   2.58  0.83   2.33 S
F12203+1605 NGC 4321      12 20 23.2  +16 06 00.  Sc       10.6   29.3   2.71  1.13   2.38 S
F12206+5843 NGC 4335      12 20 38.2  +58 43 16.  E        13.7   94.6   0.77  0.85 > 1.61 M
F12225+1309 NGC 4374      12 22 31.5  +13 09 51.  S0       10.3   21.9  -0.57  0.64 > 1.00 M
F12232+1256 NGC 4388      12 23 14.8  +12 56 18.  Sb:      11.7   21.9   2.26  0.51   1.23 S+M
F12239+3130 NGC 4414      12 23 58.2  +31 30 05.  Sc       10.9   14.0   2.80  0.92   2.38 S
F12244+1519 NGC 4419      12 24 25.1  +15 19 28.  Sa       11.6   21.9   2.71  0.66   1.73 S
F12252+1317 NGC 4438      12 25 13.5  +13 17 11.  S...     11.5   21.9   2.03  0.39   3.83 M
F12265+0219 3C 273        12 26 33.2  +02 19 43.  Q        12.9  848.7  -1.20  0.11   0.95 M
F12281+4155 NGC 4490      12 28 10.5  +41 54 56.  ...      10.1   12.0   2.38  0.82   2.59 S
F12282+1240 NGC 4486      12 28 17.8  +12 39 58.  E         9.9   21.9 <-2.09  0.94   1.06 M
F12287+6605               12 28 41.67 +66 06 31.1 G        17.0          0.92  0.61 > 1.92 M
F12294+1441 NGC 4501      12 29 28.1  +14 41 50.  Sb/Sc    10.1   21.9   2.61  0.97   2.04 S
F12315+0255 NGC 4527      12 31 35.5  +02 55 45.  Sb       11.9   31.5   2.76         2.56 S
F12317+0644 NGC 4532      12 31 46.7  +06 44 43.  Irr      11.8   21.9   2.38  0.66   2.71 S
F12317+0828 NGC 4535      12 31 47.9  +08 28 25.  Sc/SBc   10.6   21.9   2.74  0.45   2.40 S
F12319+0227 NGC 4536      12 31 53.5  +02 27 50.  Sb/Sc    11.8   32.9   2.68         2.28 S
F12338+2615 NGC 4565      12 33 51.8  +26 15 50.  Sb       10.3   23.4   2.69  0.82   2.00 S
F12340+1131 NGC 4568/7                            Sc+Sc    12.5   21.9   2.85  0.81   2.36 S
F12343+1326 NGC 4569      12 34 18.7  +13 26 18.  Sb       11.3   21.9   2.74  0.83   2.25 S
F12351+1205 NGC 4579      12 35 12.6  +12 05 40.  Sb       11.0   21.9   2.33  0.52   2.33 S
F12373+2229 Pks 1237+22   12 37 22.63 +22 29 33.5 E        18.0        < 0.55  1.12 > 0.99 M
F12374-1120 NGC 4594      12 37 22.8  -11 21 00.  Sa        9.3   17.0   1.83  0.19   2.10 M
F12378+6152 NGC 4605      12 37 47.5  +61 53 00.  S...     10.8    5.5   2.70  0.51   2.80 S
F12396+3249 NGC 4631      12 39 41.5  +32 48 54.  Sc        9.8   12.1   2.53  0.89   2.46 S
F12410+1151 NGC 4647/9                            Sc+E     12.5   21.9   2.43  0.48   2.20 S+M
F12414+1324 NGC 4654      12 41 25.7  +13 23 58.  Sc       11.3   21.9   2.71  0.75   2.27 S
F12415+3226 NGC 4656      12 41 32.8  +32 27 00.  ...      10.6   12.5   2.49  0.66   3.40 S
F12425-0011 NGC 4666      12 42 35.1  -00 11 14.  Sc       11.6   29.5   2.46  0.58   2.65 S
F12440-2531 Pks 1244-255  12 44 06.7  -25 31 26.  Q        17.4 2623.9  -0.42 -0.13   1.05 M
F12485+4123 NGC 4736      12 48 32.4  +41 23 28.  Sb        8.7    6.9   2.92  0.64   2.53 S
F12522+2912 NGC 4793      12 52 15.9  +29 12 30.  Sc       12.3   49.2   2.64  0.74   2.33 S
F12535-0530 3C 279        12 53 35.9  -05 31 08.  Q        17.8 2323.8 <-1.37  0.03 > 0.20 M
F12540+5708 UGC 08058     12 54 05.0  +57 08 41.  S...     14.1  248.0   2.00 -0.29   1.59 M
F12542+2157 NGC 4826      12 54 16.9  +21 57 18.  Sb        8.9    7.0   2.99  0.52   3.23 S
F12597+1643               12 59 43.64 +16 43 14.8 G        19.5          1.43         0.94 M
F13059-2406               13 05 59.62 -24 07 00.1 G        16.0   84.0   0.91  0.47   0.87 M
F13080+3237 B2 1308+32    13 08 07.58 +32 36 40.6 BL Lac   15.6 3506.2  -0.31  0.25   0.50 M
F13086+3719 NGC 5005      13 08 37.6  +37 19 25.  Sb       10.6   20.8   2.82  0.88   2.58 S
F13111+3651 NGC 5033      13 11 09.7  +36 51 30.  Sc       10.9   17.9   2.66  0.79   2.60 S
F13126+2453 IC 0860       13 12 39.8  +24 53 01.  (S)      14.8   77.5   2.98  0.41   3.02 S
F13135+4217 NGC 5055      13 13 34.9  +42 17 55.  Sb        9.7   11.0   2.84  0.83   1.99 S
F13136+6223 UGC 08335                             Dbl Sys  14.4  183.8   2.74  0.54   2.07 S
F13170-2708 NGC 5078      13 17 04.84 -27 08 50.4 S0       12.0   43.8   1.98  0.20   3.01 M
F13182+3424 IC 0883       13 18 17.3  +34 24 03.  Pec      14.8  137.9   2.64  0.67   2.63 S
F13184+0914 NGC 5100      13 18 29.4  +09 14 23.  Dbl Sys  15.3  190.6   1.91  0.71   2.39 M
F13197-1627 MCG-03-34-063 13 19 43.77 -16 28 02.2 SB?      14.5  100.5   1.84  0.82   0.83 M
F13277+4727 NGC 5194/5    13 27 46.9  +47 27 16.  Sc+...    8.8   10.8   2.67  1.09   2.09 S
F13334-0814 NGC 5232      13 33 30.2  -08 14 39.  S0-a     13.0  137.7   0.36 -0.45   1.28 M
F13341-2936 NGC 5236      13 34 10.2  -29 36 49.  Sc        8.5    6.9   2.76  0.98   1.96 S
F13350+0908 NGC 5248      13 35 02.4  +09 08 23.  Sc       10.9   21.0   2.85  0.89   2.23 S
F13362+4831 NGC 5256      13 36 15.2  +48 31 53.  Pec      14.1  163.0   2.30  0.71   2.11 S
F13384+4503               13 38 29.42 +45 03 24.7 G        18.5        < 0.71 -1.30   1.03 M
F13428+5608 UGC 08696     13 42 50.6  +56 08 13.  Pec      15.0  221.6   2.57  0.58   2.58 S
F13443+1439 Zw 102.056    13 44 23.51 +14 38 58.7 G        16.0  128.7   1.80  0.59   1.75 M
F13451+1232 Pks 1345+12   13 45 06.09 +12 32 20.6 E+?      17.0  671.2  -0.11  0.47   1.20 M
F13468+4013 NGC 5311      13 46 47.6  +40 14 00.  S0-a     13.7   53.7   1.21 -0.30 > 2.02 M
F13470+3530 UGC 08739     13 47 02.1  +35 30 17.  S...     14.7  101.8   2.53  0.75   3.16 S
F13475+6026 NGC 5322      13 47 35.1  +60 26 21.  E        11.3   38.9   1.19  0.62   2.28 M
F13500+3141 UGC 08782     13 50 03.3  +31 41 33.  ...      15.6  272.4  -0.55  0.74 > 1.42 M
F13513+4031 NGC 5353/4    13 51 19.8  +40 31 47.  S0+S0    11.8   44.5 < 1.45  0.26 > 1.52 M
F13514+6556               13 51 27.23 +65 55 57.5 G        18.0        < 0.76  0.53   1.07 M
F13535+4042 NGC 5371      13 53 34.2  +40 42 23.  SBb      11.5   52.3   2.63  0.59   1.90 S
F13536+0529 NGC 5363      13 53 36.3  +05 29 58.  ...      10.9   20.5   1.42  0.19   2.49 M
F13536+1836 UGC 08850     13 53 39.9  +18 36 57.  ...  Pec 14.8  302.2   1.36  1.00   0.37 M
F13564+3741 NGC 5394/5    13 56 25.2  +37 41 51.  S... +Sb 13.7   68.9   2.59  0.85   2.10 S
F13591+5934 NGC 5430      13 59 08.3  +59 34 10.  SBb      12.7   60.3   2.81  0.57   1.98 S
F14003+2846               14 00 21.30 +28 46 31.9 G        17.0          1.32         1.38 M
F14012+5434 NGC 5457      14 01 26.6  +54 35 25.  Sc        8.7    7.6   2.98  0.70   2.30 S
F14047+2841 OQ 208        14 04 45.64 +28 41 29.8 BL Lac   14.0  436.9  -0.43 -1.01   0.69 M
F14105+3932 NGC 5515      14 10 33.9  +39 32 33.  Sa-b     13.7  152.7   2.22         2.39 (M)
F14106-0258 NGC 5506      14 10 39.1  -02 58 26.  Sa pec   12.8   35.8   1.77  0.52   0.96 M
F14111+0753 NGC 5514                              Dbl Sys  14.5  145.1   1.59  0.82   1.96 M
F14165+0642 3C 298        14 16 38.8  +06 42 21.  Q        16.8 4311.5 <-0.55  1.05 > 0.02 M
F14180+5437 OQ 530        14 18 06.13 +54 36 57.6 BL Lac   16.2 1210.6 <-0.71  0.00   1.04 M
F14263+2737 NGC 5635      14 26 18.9  +27 37 55.  S...     13.9   90.4   0.77 -0.37 > 1.38 M
F14271+1048 UGC 09309     14 27 12.3  +10 48 20.  Sb-c     15.5  207.9 < 1.46       > 1.26 M
F14280+3126 NGC 5653      14 28 01.2  +31 26 11.  S... Pec 12.7   71.7   2.80  0.79   2.33 S
F14299+0818 NGC 5665      14 29 57.5  +08 18 05.  S[c] Pec 12.1   44.1   2.69  0.65   2.21 S
F14306+3631 NGC 5675      14 30 36.2  +36 31 22.  S...     14.0   84.4   0.80 -0.24 > 2.09 M
F14306+5808 NGC 5678      14 30 37.1  +58 08 35.  Sb       12.1   48.9   2.70  0.98   2.35 S
F14310+4940 NGC 5676      14 31 01.4  +49 40 37.  Sc       11.7   44.8   2.73  0.79   2.27 S
F14354+3024               14 35 28.62 +30 23 59.0 G        18.0        < 1.14  1.22 > 0.93 M
F14381-3901               14 38 06.42 -39 00 59.8 G?       18.5        < 0.81         0.17 M
F14390+5343 Mrk 477       14 39 02.56 +53 43 04.0 G+G      15.2  220.6   1.81         1.08 M
F14474+4233               14 47 27.95 +42 33 24.0 G        18.5  945.1   0.61  0.01   0.62 M
F14483+6328 IC 1065       14 48 17.3  +63 28 33.  SB0      15.0  249.7 <-0.29  0.87 > 0.86 M
F14501+0639               14 50 10.86 +06 39 52.0 G        19.0        < 0.34  0.63 > 0.98 M
F14514+0344 NGC 5775      14 51 26.8  +03 44 51.  Sc       12.5   30.0   2.77  1.16   2.56 S
F14547+2449 UGC 09618     14 54 48.6  +24 49 02.  Dbl Sys  14.3  206.6   2.45  0.66   3.03 S
F14565-1629 NGC 5793      14 56 37.1  -16 29 40.  Sb       14.3   75.6   1.19  0.62   3.03 M
F14592+1336                                       EF                   < 1.03       > 0.54 M
F15060+3434 Zw 193.016    15 06 05.42 +34 34 48.9 G+G      13.8  261.2   1.94  0.56   2.79 M
F15067+0913 Zw 077.021    15 06 42.86 +09 13 45.2 G        16.0  261.2   1.60 -0.12   0.94 M
F15107+0724 Zw 049.057    15 10 45.9  +07 24 46.  G        16.0   78.3   2.91  0.23   3.56 S
F15129+0432 MCG+01-39-011 15 12 55.13 +04 32 49.2 G        16.3  529.2   1.18       > 2.16 M
F15145+5630 NGC 5907      15 14 34.8  +56 30 33.  Sc       11.4   12.5   2.78  0.73   2.14 S
F15151+3404               15 15 09.45 +34 04 20.5 G        17.0        < 0.73  0.71 > 0.42 M
F15163+4255 I Zw 107                              G+G      14.9   42.9   2.69  0.62   2.14 S
F15243+4150 NGC 5929/30                           E-S0+Sa  13.0   51.8   2.44  0.72   1.98 S
F15284+3808               15 28 23.86 +38 08 43.7 G        18.0          0.24         0.89 M
F15295+2414 3C 321.0      15 29 32.81 +24 14 32.5 Pec      16.0  538.1  -0.03  0.80   1.24 M
F15322+1521 NGC 5953/4    15 32 13.2  +15 21 40.  S0+S[c]  13.3   42.6   2.73  0.75   2.28 S
F15327+2340 IC 4553/4     15 32 47.3  +23 40 06.  Pec Dbl  14.4  108.2   2.80  0.39   2.93 S
F15342+1646 NGC 5962      15 34 14.1  +16 46 23.  Sc       12.2   39.4   2.61  0.66   2.45 S
F15366+1711 NGC 5972      15 36 36.8  +17 11 13.  S0-a     14.8        < 0.34  0.52   0.92 M
F15437+0231 NGC 5990      15 43 44.8  +02 34 11.  Sa?      12.6   77.6   2.74  0.72   2.04 S
F15467-2914 NGC 6000      15 46 45.0  -29 14 06.  Sb       13.0   44.5   2.86  0.66   2.23 S
F15471+2158 UGC 10049     15 47 05.71 +21 58 15.1 Chain    15.1  212.1 < 1.02  0.85 > 0.97 M
F15599+0206 3C 327        15 59 55.67 +02 06 12.3 G        15.9  578.7 <-0.57  0.87   0.72 M
F16022+1753 NGC 6040      16 02 11.3  +17 52 40.  Dbl Sys  14.6  254.5   0.84  0.15 > 2.29 M
F16030+2040 NGC 6052      16 03 01.8  +20 40 40.  Dbl Sys  14.1   95.5   2.35  0.72   2.36 S
F16268+5152 Mrk 1498      16 26 48.5  +51 53 05.  G        17.0  315.3 < 1.14         0.10 M
F16301+1955 NGC 6181      16 30 09.4  +19 55 48.  Sc       12.7   48.8   2.66  0.75   2.21 S
F16314+3526 NGC 6185      16 31 27.5  +35 26 47.  ...      14.5  206.9   1.01       > 0.91 M
F16319+4725               16 31 57.11 +47 25 12.2 G        16.5  642.3   1.28         2.01 M
F16328+2055               16 32 49.77 +20 55 42.9 G        18.0          1.45         1.57 M
F16413+3954 3C 345        16 41 17.6  +39 54 11.  Q        16.0 2492.3 <-0.93 -0.05   0.82 M
F16431+0217 4C 02.42      16 43 11.15 +02 17 09.4 E        17.0        <-0.16  0.87 > 0.39 M
F16504+0228 NGC 6240      16 50 28.3  +02 28 53.  Pec      14.5  150.3   2.21  0.70   2.16 (S+M)
F16577+5900 NGC 6286      16 57 45.1  +59 00 43.  ...  Pec 14.2  111.3   2.55  1.05   3.13 S
F17179+5444               17 17 53.47 +54 44 48.9 G        18.0  797.8   1.17  0.76   2.18 M
F17299+0705 NGC 6384      17 29 59.0  +07 05 43.  Sb       12.7   34.7   2.31  0.10   2.84 S
F17326+3859 B3 1732+389   17 32 40.5  +38 59 47.  BL Lac   19.0 3463.3 <-0.04  0.27   0.76 M
F17345+1124               17 34 34.61 +11 24 25.4 G        18.0        < 1.64  0.83   1.04 M
F17406+1613 UGC 10950     17 40 35.9  +16 14 07.  Dbl Sys  15.1  132.5 < 0.56  0.59 > 1.73 M
F17468+1320 CGCG 083-025  17 46 48.12 +13 20 48.3 G        16.0  100.5   2.60  0.28   3.38 S
F17473+4401               17 47 21.73 +44 01 46.3 S?       17.0        < 0.65  0.77   1.19 M
F17490+2659               17 49 05.78 +26 59 45.8 G        15.1  787.0 < 1.18  0.95   0.78 M
F17537+1820 NGC 6500      17 53 47.3  +18 20 48.  Sa:      13.4   63.7   0.90  0.07   2.11 M
F18001+6636 NGC 6552      18 00 07.4  +66 36 54.  SB...    14.6  131.0   2.25         0.99 M
F18072+6948 UGC 11130     18 07 18.8  +69 49 00.  BL Lac   14.4  305.0 <-0.67 -0.02   0.46 M
F18095+1458 NGC 6574      18 09 34.7  +14 58 03.  S...     12.5   48.8   2.73  0.79   2.41 S
F18146+4238 UGC 11185     18 14 39.0  +42 38 31.  Dbl Sys  15.9        < 1.54  0.73   1.63 M
F18212+7432 NGC 6643      18 21 13.3  +74 32 43.  Sc       11.8   34.9   2.73  0.84   2.51 S
F19000+4040 NGC 6745      19 00 02.97 +40 40 15.2 Trp Sys  13.3   90.2   2.51  0.83   2.51 S
F19070+5051 NGC 6764      19 07 01.5  +50 51 03.  SBb      13.2   47.7   2.37  0.89   1.82 S
F19414+4510 UGC 11466     19 41 25.7  +45 10 45.  ...  Pec 13.5   14.8   2.62  0.73   2.63 S
F19497+0222 3C 403        19 49 44.1  +02 22 42.  S0       16.5  320.9 <-0.44  0.72   0.77 M
F20210+1121               20 21 02.8  +11 21 51.  G        15.8  324.7   2.24         1.01 M
F20338+5958 NGC 6946      20 33 48.8  +59 58 50.  Sc       10.5    6.7   2.68  0.88   2.13 S
F20366+6555 NGC 6951      20 36 37.7  +65 55 48.  Sb/SBc   12.3   34.2   2.88  0.86   2.58 S
F22006+4202 BL Lac        22 00 39.4  +42 02 09.  BL Lac   14.5  393.7 <-0.55  0.22   0.55 M
F22045+0959 NGC 7212      22 04 33.94 +09 59 20.0 S...     15.1  159.4   2.00  0.91   1.51 M
F22171+2908 NGC 7253      22 17 08.6  +29 08 48.  SB?+S?   14.4   98.6   2.56  0.74   2.54 S
F22175+2558               22 17 29.87 +25 58 23.1 G        17.0        <-0.02         0.33 M
F22347+3409 NGC 7331      22 34 47.7  +34 09 35.  Sb       10.4   22.3   2.69  0.82   2.43 S
F22559+0733               22 56 01.10 +07 33 35.3 G        17.5        < 1.51         1.14 M
F22575+1542 NGC 7448      22 57 34.9  +15 42 50.  Sc       12.0   49.7   2.67  0.75   2.62 S
F23007+0836 NGC 7469      23 00 44.4  +08 36 19.  SBa      13.0  102.3   2.71  0.70   1.78 S
F23024+1204 NGC 7479      23 02 26.8  +12 03 06.  SBb      11.7   52.6   2.72  0.83   1.56 S
F23121+0415 NGC 7541      23 12 10.3  +04 15 43.  Sc       12.7   57.7   2.82  0.97   2.67 S
F23140+0348 3C 459        23 14 02.4  +03 49 00.  N        18.7 1135.7  -0.23  0.89 > 1.35 M
F23179+1657 NGC 7625      23 18 00.6  +16 57 15.  ...      12.8   37.5   2.80  0.59   2.35 S
F23254+0830 NGC 7674      23 25 24.4  +08 30 06.  SBb      13.6  177.7   2.03  0.96   1.18 M
F23336+0152 NGC 7714      23 33 41.0  +01 52 42.  S...     13.1   58.5   2.64  0.48   1.50 S
F23389+0300 4C 03.60      23 38 56.97 +03 00 47.1 G        19.3          0.87  1.22 > 1.44 M
F23439+4007               23 44 01.55 +40 07 36.1 G        18.0        < 1.14       > 1.88 M
F23488+1949 NGC 7771      23 48 52.3  +19 50 08.  SBa      13.1   87.9   2.70  0.62   2.56 S
F23488+2018 Mrk 331       23 48 53.5  +20 18 27.  S?       14.9  108.5   2.90  0.75   2.18 S
F23532+2956 Zw 2353+29    23 53 11.46 +29 56 02.6 G        15.2  187.7 < 1.10  0.86   0.54 M
F23557+1654               23 55 45.70 +16 54 29.5 G        18.5          1.42       > 1.26 M
F23591+2312 UGC 12914/5   23 59 04.26 +23 12 20.6 S...     13.2   92.9   2.48  1.05   2.24 S
F23594+3622 CGCG 517-014  23 59 24.6  +36 22 14.  G        15.4  196.0   2.31  0.78   2.97 S
